- name: School
  latitude: 55.540563
  longitude: 37.577826
  radius: 100
  icon: mdi:school
- name: Astra
  latitude: 55.486820
  longitude: 37.608384
  radius: 250
  icon: mdi:gate
- name: Work
  latitude: 55.717260
  longitude: 37.721228
  radius: 100
  icon: mdi:office-building
   
